A (base 10) | A (base 8) | A (binary) | Output
0           | 0          | 0          | 7,
1           | 1          | 1          | 6,
2           | 2          | 10         | 4,
3           | 3          | 11         | 7,
4           | 4          | 100        | 3,
5           | 5          | 101        | 2,
6           | 6          | 110        | 1,
7           | 7          | 111        | 0,
8           | 10         | 1000       | 6,6,
9           | 11         | 1001       | 4,6,
10          | 12         | 1010       | 0,6,
11          | 13         | 1011       | 7,6,
12          | 14         | 1100       | 3,6,
13          | 15         | 1101       | 2,6,
14          | 16         | 1110       | 1,6,
15          | 17         | 1111       | 0,6,
16          | 20         | 10000      | 5,4,
17          | 21         | 10001      | 2,4,
18          | 22         | 10010      | 4,4,
19          | 23         | 10011      | 7,4,
20          | 24         | 10100      | 3,4,
21          | 25         | 10101      | 2,4,
22          | 26         | 10110      | 1,4,
23          | 27         | 10111      | 1,4,
24          | 30         | 11000      | 4,7,
25          | 31         | 11001      | 0,7,
26          | 32         | 11010      | 0,7,
27          | 33         | 11011      | 7,7,
28          | 34         | 11100      | 3,7,
29          | 35         | 11101      | 2,7,
30          | 36         | 11110      | 1,7,
31          | 37         | 11111      | 1,7,
32          | 40         | 100000     | 3,3,
33          | 41         | 100001     | 6,3,
34          | 42         | 100010     | 4,3,
35          | 43         | 100011     | 7,3,
36          | 44         | 100100     | 3,3,
37          | 45         | 100101     | 2,3,
38          | 46         | 100110     | 0,3,
39          | 47         | 100111     | 2,3,
40          | 50         | 101000     | 2,2,
41          | 51         | 101001     | 4,2,
42          | 52         | 101010     | 0,2,
43          | 53         | 101011     | 7,2,
44          | 54         | 101100     | 3,2,
45          | 55         | 101101     | 2,2,
46          | 56         | 101110     | 0,2,
47          | 57         | 101111     | 2,2,
48          | 60         | 110000     | 1,1,
49          | 61         | 110001     | 2,1,
50          | 62         | 110010     | 4,1,
51          | 63         | 110011     | 7,1,
52          | 64         | 110100     | 3,1,
53          | 65         | 110101     | 2,1,
54          | 66         | 110110     | 0,1,
55          | 67         | 110111     | 3,1,
56          | 70         | 111000     | 0,0,
57          | 71         | 111001     | 0,0,
58          | 72         | 111010     | 0,0,
59          | 73         | 111011     | 7,0,
60          | 74         | 111100     | 3,0,
61          | 75         | 111101     | 2,0,
62          | 76         | 111110     | 0,0,
63          | 77         | 111111     | 3,0,
64          | 100        | 1000000    | 7,6,6,
65          | 101        | 1000001    | 6,6,6,
66          | 102        | 1000010    | 4,6,6,
67          | 103        | 1000011    | 7,6,6,
68          | 104        | 1000100    | 3,6,6,
69          | 105        | 1000101    | 3,6,6,
70          | 106        | 1000110    | 3,6,6,
71          | 107        | 1000111    | 4,6,6,
72          | 110        | 1001000    | 6,4,6,
73          | 111        | 1001001    | 4,4,6,
74          | 112        | 1001010    | 0,4,6,
75          | 113        | 1001011    | 7,4,6,
76          | 114        | 1001100    | 3,4,6,
77          | 115        | 1001101    | 3,4,6,
78          | 116        | 1001110    | 3,4,6,
79          | 117        | 1001111    | 4,4,6,
80          | 120        | 1010000    | 5,0,6,
81          | 121        | 1010001    | 2,0,6,
82          | 122        | 1010010    | 4,0,6,
83          | 123        | 1010011    | 7,0,6,
84          | 124        | 1010100    | 3,0,6,
85          | 125        | 1010101    | 3,0,6,
86          | 126        | 1010110    | 3,0,6,
87          | 127        | 1010111    | 5,0,6,
88          | 130        | 1011000    | 4,7,6,
89          | 131        | 1011001    | 0,7,6,
90          | 132        | 1011010    | 0,7,6,
91          | 133        | 1011011    | 7,7,6,
92          | 134        | 1011100    | 3,7,6,
93          | 135        | 1011101    | 3,7,6,
94          | 136        | 1011110    | 3,7,6,
95          | 137        | 1011111    | 5,7,6,
96          | 140        | 1100000    | 3,3,6,
97          | 141        | 1100001    | 6,3,6,
98          | 142        | 1100010    | 4,3,6,
99          | 143        | 1100011    | 7,3,6,
100         | 144        | 1100100    | 3,3,6,
101         | 145        | 1100101    | 3,3,6,
102         | 146        | 1100110    | 2,3,6,
103         | 147        | 1100111    | 6,3,6,
104         | 150        | 1101000    | 2,2,6,
105         | 151        | 1101001    | 4,2,6,
106         | 152        | 1101010    | 0,2,6,
107         | 153        | 1101011    | 7,2,6,
108         | 154        | 1101100    | 3,2,6,
109         | 155        | 1101101    | 3,2,6,
110         | 156        | 1101110    | 2,2,6,
111         | 157        | 1101111    | 6,2,6,
112         | 160        | 1110000    | 1,1,6,
113         | 161        | 1110001    | 2,1,6,
114         | 162        | 1110010    | 4,1,6,
115         | 163        | 1110011    | 7,1,6,
116         | 164        | 1110100    | 3,1,6,
117         | 165        | 1110101    | 3,1,6,
118         | 166        | 1110110    | 2,1,6,
119         | 167        | 1110111    | 7,1,6,
120         | 170        | 1111000    | 0,0,6,
121         | 171        | 1111001    | 0,0,6,
122         | 172        | 1111010    | 0,0,6,
123         | 173        | 1111011    | 7,0,6,
124         | 174        | 1111100    | 3,0,6,
125         | 175        | 1111101    | 3,0,6,
126         | 176        | 1111110    | 2,0,6,
127         | 177        | 1111111    | 7,0,6,
128         | 200        | 10000000   | 7,5,4,
129         | 201        | 10000001   | 6,5,4,
130         | 202        | 10000010   | 4,5,4,
131         | 203        | 10000011   | 7,5,4,
132         | 204        | 10000100   | 2,5,4,
133         | 205        | 10000101   | 0,5,4,
134         | 206        | 10000110   | 5,5,4,
135         | 207        | 10000111   | 0,5,4,
136         | 210        | 10001000   | 6,2,4,
137         | 211        | 10001001   | 4,2,4,
138         | 212        | 10001010   | 0,2,4,
139         | 213        | 10001011   | 7,2,4,
140         | 214        | 10001100   | 2,2,4,
141         | 215        | 10001101   | 0,2,4,
142         | 216        | 10001110   | 5,2,4,
143         | 217        | 10001111   | 0,2,4,
144         | 220        | 10010000   | 5,4,4,
145         | 221        | 10010001   | 2,4,4,
146         | 222        | 10010010   | 4,4,4,
147         | 223        | 10010011   | 7,4,4,
148         | 224        | 10010100   | 2,4,4,
149         | 225        | 10010101   | 0,4,4,
150         | 226        | 10010110   | 5,4,4,
151         | 227        | 10010111   | 1,4,4,
152         | 230        | 10011000   | 4,7,4,
153         | 231        | 10011001   | 0,7,4,
154         | 232        | 10011010   | 0,7,4,
155         | 233        | 10011011   | 7,7,4,
156         | 234        | 10011100   | 2,7,4,
157         | 235        | 10011101   | 0,7,4,
158         | 236        | 10011110   | 5,7,4,
159         | 237        | 10011111   | 1,7,4,
160         | 240        | 10100000   | 3,3,4,
161         | 241        | 10100001   | 6,3,4,
162         | 242        | 10100010   | 4,3,4,
163         | 243        | 10100011   | 7,3,4,
164         | 244        | 10100100   | 2,3,4,
165         | 245        | 10100101   | 0,3,4,
166         | 246        | 10100110   | 4,3,4,
167         | 247        | 10100111   | 2,3,4,
168         | 250        | 10101000   | 2,2,4,
169         | 251        | 10101001   | 4,2,4,
170         | 252        | 10101010   | 0,2,4,
171         | 253        | 10101011   | 7,2,4,
172         | 254        | 10101100   | 2,2,4,
173         | 255        | 10101101   | 0,2,4,
174         | 256        | 10101110   | 4,2,4,
175         | 257        | 10101111   | 2,2,4,
176         | 260        | 10110000   | 1,1,4,
177         | 261        | 10110001   | 2,1,4,
178         | 262        | 10110010   | 4,1,4,
179         | 263        | 10110011   | 7,1,4,
180         | 264        | 10110100   | 2,1,4,
181         | 265        | 10110101   | 0,1,4,
182         | 266        | 10110110   | 4,1,4,
183         | 267        | 10110111   | 3,1,4,
184         | 270        | 10111000   | 0,1,4,
185         | 271        | 10111001   | 0,1,4,
186         | 272        | 10111010   | 0,1,4,
187         | 273        | 10111011   | 7,1,4,
188         | 274        | 10111100   | 2,1,4,
189         | 275        | 10111101   | 0,1,4,
190         | 276        | 10111110   | 4,1,4,
191         | 277        | 10111111   | 3,1,4,
192         | 300        | 11000000   | 7,4,7,
193         | 301        | 11000001   | 6,4,7,
194         | 302        | 11000010   | 4,4,7,
195         | 303        | 11000011   | 7,4,7,
196         | 304        | 11000100   | 2,4,7,
197         | 305        | 11000101   | 1,4,7,
198         | 306        | 11000110   | 7,4,7,
199         | 307        | 11000111   | 4,4,7,
200         | 310        | 11001000   | 6,0,7,
201         | 311        | 11001001   | 4,0,7,
202         | 312        | 11001010   | 0,0,7,
203         | 313        | 11001011   | 7,0,7,
204         | 314        | 11001100   | 2,0,7,
205         | 315        | 11001101   | 1,0,7,
206         | 316        | 11001110   | 7,0,7,
207         | 317        | 11001111   | 4,0,7,
208         | 320        | 11010000   | 5,0,7,
209         | 321        | 11010001   | 2,0,7,
210         | 322        | 11010010   | 4,0,7,
211         | 323        | 11010011   | 7,0,7,
212         | 324        | 11010100   | 2,0,7,
213         | 325        | 11010101   | 1,0,7,
214         | 326        | 11010110   | 7,0,7,
215         | 327        | 11010111   | 5,0,7,
216         | 330        | 11011000   | 4,7,7,
217         | 331        | 11011001   | 0,7,7,
218         | 332        | 11011010   | 0,7,7,
219         | 333        | 11011011   | 7,7,7,
220         | 334        | 11011100   | 2,7,7,
221         | 335        | 11011101   | 1,7,7,
222         | 336        | 11011110   | 7,7,7,
223         | 337        | 11011111   | 5,7,7,
224         | 340        | 11100000   | 3,3,7,
225         | 341        | 11100001   | 6,3,7,
226         | 342        | 11100010   | 4,3,7,
227         | 343        | 11100011   | 7,3,7,
228         | 344        | 11100100   | 2,3,7,
229         | 345        | 11100101   | 1,3,7,
230         | 346        | 11100110   | 6,3,7,
231         | 347        | 11100111   | 6,3,7,
232         | 350        | 11101000   | 2,2,7,
233         | 351        | 11101001   | 4,2,7,
234         | 352        | 11101010   | 0,2,7,
235         | 353        | 11101011   | 7,2,7,
236         | 354        | 11101100   | 2,2,7,
237         | 355        | 11101101   | 1,2,7,
238         | 356        | 11101110   | 6,2,7,
239         | 357        | 11101111   | 6,2,7,
240         | 360        | 11110000   | 1,1,7,
241         | 361        | 11110001   | 2,1,7,
242         | 362        | 11110010   | 4,1,7,
243         | 363        | 11110011   | 7,1,7,
244         | 364        | 11110100   | 2,1,7,
245         | 365        | 11110101   | 1,1,7,
246         | 366        | 11110110   | 6,1,7,
247         | 367        | 11110111   | 7,1,7,
248         | 370        | 11111000   | 0,1,7,
249         | 371        | 11111001   | 0,1,7,
250         | 372        | 11111010   | 0,1,7,
251         | 373        | 11111011   | 7,1,7,
252         | 374        | 11111100   | 2,1,7,
253         | 375        | 11111101   | 1,1,7,
254         | 376        | 11111110   | 6,1,7,
255         | 377        | 11111111   | 7,1,7,
256         | 400        | 100000000  | 7,3,3,
257         | 401        | 100000001  | 6,3,3,
258         | 402        | 100000010  | 4,3,3,
259         | 403        | 100000011  | 7,3,3,
260         | 404        | 100000100  | 1,3,3,
261         | 405        | 100000101  | 6,3,3,
262         | 406        | 100000110  | 1,3,3,
263         | 407        | 100000111  | 0,3,3,
264         | 410        | 100001000  | 6,6,3,
265         | 411        | 100001001  | 4,6,3,
266         | 412        | 100001010  | 0,6,3,
267         | 413        | 100001011  | 7,6,3,
268         | 414        | 100001100  | 1,6,3,
269         | 415        | 100001101  | 6,6,3,
270         | 416        | 100001110  | 1,6,3,
271         | 417        | 100001111  | 0,6,3,
272         | 420        | 100010000  | 5,4,3,
273         | 421        | 100010001  | 2,4,3,
274         | 422        | 100010010  | 4,4,3,
275         | 423        | 100010011  | 7,4,3,
276         | 424        | 100010100  | 1,4,3,
277         | 425        | 100010101  | 6,4,3,
278         | 426        | 100010110  | 1,4,3,
279         | 427        | 100010111  | 1,4,3,
280         | 430        | 100011000  | 4,7,3,
281         | 431        | 100011001  | 0,7,3,
282         | 432        | 100011010  | 0,7,3,
283         | 433        | 100011011  | 7,7,3,
284         | 434        | 100011100  | 1,7,3,
285         | 435        | 100011101  | 6,7,3,
286         | 436        | 100011110  | 1,7,3,
287         | 437        | 100011111  | 1,7,3,
288         | 440        | 100100000  | 3,3,3,
289         | 441        | 100100001  | 6,3,3,
290         | 442        | 100100010  | 4,3,3,
291         | 443        | 100100011  | 7,3,3,
292         | 444        | 100100100  | 1,3,3,
293         | 445        | 100100101  | 6,3,3,
294         | 446        | 100100110  | 0,3,3,
295         | 447        | 100100111  | 2,3,3,
296         | 450        | 100101000  | 2,2,3,
297         | 451        | 100101001  | 4,2,3,
298         | 452        | 100101010  | 0,2,3,
299         | 453        | 100101011  | 7,2,3,
300         | 454        | 100101100  | 1,2,3,
301         | 455        | 100101101  | 6,2,3,
302         | 456        | 100101110  | 0,2,3,
303         | 457        | 100101111  | 2,2,3,
304         | 460        | 100110000  | 1,0,3,
305         | 461        | 100110001  | 2,0,3,
306         | 462        | 100110010  | 4,0,3,
307         | 463        | 100110011  | 7,0,3,
308         | 464        | 100110100  | 1,0,3,
309         | 465        | 100110101  | 6,0,3,
310         | 466        | 100110110  | 0,0,3,
311         | 467        | 100110111  | 3,0,3,
312         | 470        | 100111000  | 0,2,3,
313         | 471        | 100111001  | 0,2,3,
314         | 472        | 100111010  | 0,2,3,
315         | 473        | 100111011  | 7,2,3,
316         | 474        | 100111100  | 1,2,3,
317         | 475        | 100111101  | 6,2,3,
318         | 476        | 100111110  | 0,2,3,
319         | 477        | 100111111  | 3,2,3,
320         | 500        | 101000000  | 7,2,2,
321         | 501        | 101000001  | 6,2,2,
322         | 502        | 101000010  | 4,2,2,
323         | 503        | 101000011  | 7,2,2,
324         | 504        | 101000100  | 1,2,2,
325         | 505        | 101000101  | 7,2,2,
326         | 506        | 101000110  | 3,2,2,
327         | 507        | 101000111  | 4,2,2,
328         | 510        | 101001000  | 6,4,2,
329         | 511        | 101001001  | 4,4,2,
330         | 512        | 101001010  | 0,4,2,
331         | 513        | 101001011  | 7,4,2,
332         | 514        | 101001100  | 1,4,2,
333         | 515        | 101001101  | 7,4,2,
334         | 516        | 101001110  | 3,4,2,
335         | 517        | 101001111  | 4,4,2,
336         | 520        | 101010000  | 5,0,2,
337         | 521        | 101010001  | 2,0,2,
338         | 522        | 101010010  | 4,0,2,
339         | 523        | 101010011  | 7,0,2,
340         | 524        | 101010100  | 1,0,2,
341         | 525        | 101010101  | 7,0,2,
342         | 526        | 101010110  | 3,0,2,
343         | 527        | 101010111  | 5,0,2,
344         | 530        | 101011000  | 4,7,2,
345         | 531        | 101011001  | 0,7,2,
346         | 532        | 101011010  | 0,7,2,
347         | 533        | 101011011  | 7,7,2,
348         | 534        | 101011100  | 1,7,2,
349         | 535        | 101011101  | 7,7,2,
350         | 536        | 101011110  | 3,7,2,
351         | 537        | 101011111  | 5,7,2,
352         | 540        | 101100000  | 3,3,2,
353         | 541        | 101100001  | 6,3,2,
354         | 542        | 101100010  | 4,3,2,
355         | 543        | 101100011  | 7,3,2,
356         | 544        | 101100100  | 1,3,2,
357         | 545        | 101100101  | 7,3,2,
358         | 546        | 101100110  | 2,3,2,
359         | 547        | 101100111  | 6,3,2,
360         | 550        | 101101000  | 2,2,2,
361         | 551        | 101101001  | 4,2,2,
362         | 552        | 101101010  | 0,2,2,
363         | 553        | 101101011  | 7,2,2,
364         | 554        | 101101100  | 1,2,2,
365         | 555        | 101101101  | 7,2,2,
366         | 556        | 101101110  | 2,2,2,
367         | 557        | 101101111  | 6,2,2,
368         | 560        | 101110000  | 1,0,2,
369         | 561        | 101110001  | 2,0,2,
370         | 562        | 101110010  | 4,0,2,
371         | 563        | 101110011  | 7,0,2,
372         | 564        | 101110100  | 1,0,2,
373         | 565        | 101110101  | 7,0,2,
374         | 566        | 101110110  | 2,0,2,
375         | 567        | 101110111  | 7,0,2,
376         | 570        | 101111000  | 0,2,2,
377         | 571        | 101111001  | 0,2,2,
378         | 572        | 101111010  | 0,2,2,
379         | 573        | 101111011  | 7,2,2,
380         | 574        | 101111100  | 1,2,2,
381         | 575        | 101111101  | 7,2,2,
382         | 576        | 101111110  | 2,2,2,
383         | 577        | 101111111  | 7,2,2,
384         | 600        | 110000000  | 7,1,1,
385         | 601        | 110000001  | 6,1,1,
386         | 602        | 110000010  | 4,1,1,
387         | 603        | 110000011  | 7,1,1,
388         | 604        | 110000100  | 0,1,1,
389         | 605        | 110000101  | 4,1,1,
390         | 606        | 110000110  | 5,1,1,
391         | 607        | 110000111  | 0,1,1,
392         | 610        | 110001000  | 6,2,1,
393         | 611        | 110001001  | 4,2,1,
394         | 612        | 110001010  | 0,2,1,
395         | 613        | 110001011  | 7,2,1,
396         | 614        | 110001100  | 0,2,1,
397         | 615        | 110001101  | 4,2,1,
398         | 616        | 110001110  | 5,2,1,
399         | 617        | 110001111  | 0,2,1,
400         | 620        | 110010000  | 5,4,1,
401         | 621        | 110010001  | 2,4,1,
402         | 622        | 110010010  | 4,4,1,
403         | 623        | 110010011  | 7,4,1,
404         | 624        | 110010100  | 0,4,1,
405         | 625        | 110010101  | 4,4,1,
406         | 626        | 110010110  | 5,4,1,
407         | 627        | 110010111  | 1,4,1,
408         | 630        | 110011000  | 4,7,1,
409         | 631        | 110011001  | 0,7,1,
410         | 632        | 110011010  | 0,7,1,
411         | 633        | 110011011  | 7,7,1,
412         | 634        | 110011100  | 0,7,1,
413         | 635        | 110011101  | 4,7,1,
414         | 636        | 110011110  | 5,7,1,
415         | 637        | 110011111  | 1,7,1,
416         | 640        | 110100000  | 3,3,1,
417         | 641        | 110100001  | 6,3,1,
418         | 642        | 110100010  | 4,3,1,
419         | 643        | 110100011  | 7,3,1,
420         | 644        | 110100100  | 0,3,1,
421         | 645        | 110100101  | 4,3,1,
422         | 646        | 110100110  | 4,3,1,
423         | 647        | 110100111  | 2,3,1,
424         | 650        | 110101000  | 2,2,1,
425         | 651        | 110101001  | 4,2,1,
426         | 652        | 110101010  | 0,2,1,
427         | 653        | 110101011  | 7,2,1,
428         | 654        | 110101100  | 0,2,1,
429         | 655        | 110101101  | 4,2,1,
430         | 656        | 110101110  | 4,2,1,
431         | 657        | 110101111  | 2,2,1,
432         | 660        | 110110000  | 1,0,1,
433         | 661        | 110110001  | 2,0,1,
434         | 662        | 110110010  | 4,0,1,
435         | 663        | 110110011  | 7,0,1,
436         | 664        | 110110100  | 0,0,1,
437         | 665        | 110110101  | 4,0,1,
438         | 666        | 110110110  | 4,0,1,
439         | 667        | 110110111  | 3,0,1,
440         | 670        | 110111000  | 0,3,1,
441         | 671        | 110111001  | 0,3,1,
442         | 672        | 110111010  | 0,3,1,
443         | 673        | 110111011  | 7,3,1,
444         | 674        | 110111100  | 0,3,1,
445         | 675        | 110111101  | 4,3,1,
446         | 676        | 110111110  | 4,3,1,
447         | 677        | 110111111  | 3,3,1,
448         | 700        | 111000000  | 7,0,0,
449         | 701        | 111000001  | 6,0,0,
450         | 702        | 111000010  | 4,0,0,
451         | 703        | 111000011  | 7,0,0,
452         | 704        | 111000100  | 0,0,0,
453         | 705        | 111000101  | 5,0,0,
454         | 706        | 111000110  | 7,0,0,
455         | 707        | 111000111  | 4,0,0,
456         | 710        | 111001000  | 6,0,0,
457         | 711        | 111001001  | 4,0,0,
458         | 712        | 111001010  | 0,0,0,
459         | 713        | 111001011  | 7,0,0,
460         | 714        | 111001100  | 0,0,0,
461         | 715        | 111001101  | 5,0,0,
462         | 716        | 111001110  | 7,0,0,
463         | 717        | 111001111  | 4,0,0,
464         | 720        | 111010000  | 5,0,0,
465         | 721        | 111010001  | 2,0,0,
466         | 722        | 111010010  | 4,0,0,
467         | 723        | 111010011  | 7,0,0,
468         | 724        | 111010100  | 0,0,0,
469         | 725        | 111010101  | 5,0,0,
470         | 726        | 111010110  | 7,0,0,
471         | 727        | 111010111  | 5,0,0,
472         | 730        | 111011000  | 4,7,0,
473         | 731        | 111011001  | 0,7,0,
474         | 732        | 111011010  | 0,7,0,
475         | 733        | 111011011  | 7,7,0,
476         | 734        | 111011100  | 0,7,0,
477         | 735        | 111011101  | 5,7,0,
478         | 736        | 111011110  | 7,7,0,
479         | 737        | 111011111  | 5,7,0,
480         | 740        | 111100000  | 3,3,0,
481         | 741        | 111100001  | 6,3,0,
482         | 742        | 111100010  | 4,3,0,
483         | 743        | 111100011  | 7,3,0,
484         | 744        | 111100100  | 0,3,0,
485         | 745        | 111100101  | 5,3,0,
486         | 746        | 111100110  | 6,3,0,
487         | 747        | 111100111  | 6,3,0,
488         | 750        | 111101000  | 2,2,0,
489         | 751        | 111101001  | 4,2,0,
490         | 752        | 111101010  | 0,2,0,
491         | 753        | 111101011  | 7,2,0,
492         | 754        | 111101100  | 0,2,0,
493         | 755        | 111101101  | 5,2,0,
494         | 756        | 111101110  | 6,2,0,
495         | 757        | 111101111  | 6,2,0,
496         | 760        | 111110000  | 1,0,0,
497         | 761        | 111110001  | 2,0,0,
498         | 762        | 111110010  | 4,0,0,
499         | 763        | 111110011  | 7,0,0,
500         | 764        | 111110100  | 0,0,0,
501         | 765        | 111110101  | 5,0,0,
502         | 766        | 111110110  | 6,0,0,
503         | 767        | 111110111  | 7,0,0,
504         | 770        | 111111000  | 0,3,0,
505         | 771        | 111111001  | 0,3,0,
506         | 772        | 111111010  | 0,3,0,
507         | 773        | 111111011  | 7,3,0,
508         | 774        | 111111100  | 0,3,0,
509         | 775        | 111111101  | 5,3,0,
510         | 776        | 111111110  | 6,3,0,
511         | 777        | 111111111  | 7,3,0,
512         | 1000       | 1000000000 | 7,7,6,6,
513         | 1001       | 1000000001 | 6,7,6,6,
514         | 1002       | 1000000010 | 4,7,6,6,
515         | 1003       | 1000000011 | 7,7,6,6,
516         | 1004       | 1000000100 | 7,7,6,6,
517         | 1005       | 1000000101 | 2,7,6,6,
518         | 1006       | 1000000110 | 1,7,6,6,
519         | 1007       | 1000000111 | 0,7,6,6,
520         | 1010       | 1000001000 | 6,6,6,6,
521         | 1011       | 1000001001 | 4,6,6,6,
522         | 1012       | 1000001010 | 0,6,6,6,
523         | 1013       | 1000001011 | 7,6,6,6,
524         | 1014       | 1000001100 | 7,6,6,6,
525         | 1015       | 1000001101 | 2,6,6,6,
526         | 1016       | 1000001110 | 1,6,6,6,
527         | 1017       | 1000001111 | 0,6,6,6,
528         | 1020       | 1000010000 | 5,4,6,6,
529         | 1021       | 1000010001 | 2,4,6,6,
530         | 1022       | 1000010010 | 4,4,6,6,
531         | 1023       | 1000010011 | 7,4,6,6,
532         | 1024       | 1000010100 | 7,4,6,6,
533         | 1025       | 1000010101 | 2,4,6,6,
534         | 1026       | 1000010110 | 1,4,6,6,
535         | 1027       | 1000010111 | 1,4,6,6,
536         | 1030       | 1000011000 | 4,7,6,6,
537         | 1031       | 1000011001 | 0,7,6,6,
538         | 1032       | 1000011010 | 0,7,6,6,
539         | 1033       | 1000011011 | 7,7,6,6,
540         | 1034       | 1000011100 | 7,7,6,6,
541         | 1035       | 1000011101 | 2,7,6,6,
542         | 1036       | 1000011110 | 1,7,6,6,
543         | 1037       | 1000011111 | 1,7,6,6,
544         | 1040       | 1000100000 | 3,3,6,6,
545         | 1041       | 1000100001 | 6,3,6,6,
546         | 1042       | 1000100010 | 4,3,6,6,
547         | 1043       | 1000100011 | 7,3,6,6,
548         | 1044       | 1000100100 | 7,3,6,6,
549         | 1045       | 1000100101 | 2,3,6,6,
550         | 1046       | 1000100110 | 0,3,6,6,
551         | 1047       | 1000100111 | 2,3,6,6,
552         | 1050       | 1000101000 | 2,3,6,6,
553         | 1051       | 1000101001 | 4,3,6,6,
554         | 1052       | 1000101010 | 0,3,6,6,
555         | 1053       | 1000101011 | 7,3,6,6,
556         | 1054       | 1000101100 | 7,3,6,6,
557         | 1055       | 1000101101 | 2,3,6,6,
558         | 1056       | 1000101110 | 0,3,6,6,
559         | 1057       | 1000101111 | 2,3,6,6,
560         | 1060       | 1000110000 | 1,3,6,6,
561         | 1061       | 1000110001 | 2,3,6,6,
562         | 1062       | 1000110010 | 4,3,6,6,
563         | 1063       | 1000110011 | 7,3,6,6,
564         | 1064       | 1000110100 | 7,3,6,6,
565         | 1065       | 1000110101 | 2,3,6,6,
566         | 1066       | 1000110110 | 0,3,6,6,
567         | 1067       | 1000110111 | 3,3,6,6,
568         | 1070       | 1000111000 | 0,4,6,6,
569         | 1071       | 1000111001 | 0,4,6,6,
570         | 1072       | 1000111010 | 0,4,6,6,
571         | 1073       | 1000111011 | 7,4,6,6,
572         | 1074       | 1000111100 | 7,4,6,6,
573         | 1075       | 1000111101 | 2,4,6,6,
574         | 1076       | 1000111110 | 0,4,6,6,
575         | 1077       | 1000111111 | 3,4,6,6,
576         | 1100       | 1001000000 | 7,6,4,6,
577         | 1101       | 1001000001 | 6,6,4,6,
578         | 1102       | 1001000010 | 4,6,4,6,
579         | 1103       | 1001000011 | 7,6,4,6,
580         | 1104       | 1001000100 | 7,6,4,6,
581         | 1105       | 1001000101 | 3,6,4,6,
582         | 1106       | 1001000110 | 3,6,4,6,
583         | 1107       | 1001000111 | 4,6,4,6,
584         | 1110       | 1001001000 | 6,4,4,6,
585         | 1111       | 1001001001 | 4,4,4,6,
586         | 1112       | 1001001010 | 0,4,4,6,
587         | 1113       | 1001001011 | 7,4,4,6,
588         | 1114       | 1001001100 | 7,4,4,6,
589         | 1115       | 1001001101 | 3,4,4,6,
590         | 1116       | 1001001110 | 3,4,4,6,
591         | 1117       | 1001001111 | 4,4,4,6,
592         | 1120       | 1001010000 | 5,0,4,6,
593         | 1121       | 1001010001 | 2,0,4,6,
594         | 1122       | 1001010010 | 4,0,4,6,
595         | 1123       | 1001010011 | 7,0,4,6,
596         | 1124       | 1001010100 | 7,0,4,6,
597         | 1125       | 1001010101 | 3,0,4,6,
598         | 1126       | 1001010110 | 3,0,4,6,
599         | 1127       | 1001010111 | 5,0,4,6,
600         | 1130       | 1001011000 | 4,7,4,6,
601         | 1131       | 1001011001 | 0,7,4,6,
602         | 1132       | 1001011010 | 0,7,4,6,
603         | 1133       | 1001011011 | 7,7,4,6,
604         | 1134       | 1001011100 | 7,7,4,6,
605         | 1135       | 1001011101 | 3,7,4,6,
606         | 1136       | 1001011110 | 3,7,4,6,
607         | 1137       | 1001011111 | 5,7,4,6,
608         | 1140       | 1001100000 | 3,3,4,6,
609         | 1141       | 1001100001 | 6,3,4,6,
610         | 1142       | 1001100010 | 4,3,4,6,
611         | 1143       | 1001100011 | 7,3,4,6,
612         | 1144       | 1001100100 | 7,3,4,6,
613         | 1145       | 1001100101 | 3,3,4,6,
614         | 1146       | 1001100110 | 2,3,4,6,
615         | 1147       | 1001100111 | 6,3,4,6,
616         | 1150       | 1001101000 | 2,3,4,6,
617         | 1151       | 1001101001 | 4,3,4,6,
618         | 1152       | 1001101010 | 0,3,4,6,
619         | 1153       | 1001101011 | 7,3,4,6,
620         | 1154       | 1001101100 | 7,3,4,6,
621         | 1155       | 1001101101 | 3,3,4,6,
622         | 1156       | 1001101110 | 2,3,4,6,
623         | 1157       | 1001101111 | 6,3,4,6,
624         | 1160       | 1001110000 | 1,3,4,6,
625         | 1161       | 1001110001 | 2,3,4,6,
626         | 1162       | 1001110010 | 4,3,4,6,
627         | 1163       | 1001110011 | 7,3,4,6,
628         | 1164       | 1001110100 | 7,3,4,6,
629         | 1165       | 1001110101 | 3,3,4,6,
630         | 1166       | 1001110110 | 2,3,4,6,
631         | 1167       | 1001110111 | 7,3,4,6,
632         | 1170       | 1001111000 | 0,4,4,6,
633         | 1171       | 1001111001 | 0,4,4,6,
634         | 1172       | 1001111010 | 0,4,4,6,
635         | 1173       | 1001111011 | 7,4,4,6,
636         | 1174       | 1001111100 | 7,4,4,6,
637         | 1175       | 1001111101 | 3,4,4,6,
638         | 1176       | 1001111110 | 2,4,4,6,
639         | 1177       | 1001111111 | 7,4,4,6,
640         | 1200       | 1010000000 | 7,5,0,6,
641         | 1201       | 1010000001 | 6,5,0,6,
642         | 1202       | 1010000010 | 4,5,0,6,
643         | 1203       | 1010000011 | 7,5,0,6,
644         | 1204       | 1010000100 | 6,5,0,6,
645         | 1205       | 1010000101 | 0,5,0,6,
646         | 1206       | 1010000110 | 5,5,0,6,
647         | 1207       | 1010000111 | 0,5,0,6,
648         | 1210       | 1010001000 | 6,2,0,6,
649         | 1211       | 1010001001 | 4,2,0,6,
650         | 1212       | 1010001010 | 0,2,0,6,
651         | 1213       | 1010001011 | 7,2,0,6,
652         | 1214       | 1010001100 | 6,2,0,6,
653         | 1215       | 1010001101 | 0,2,0,6,
654         | 1216       | 1010001110 | 5,2,0,6,
655         | 1217       | 1010001111 | 0,2,0,6,
656         | 1220       | 1010010000 | 5,4,0,6,
657         | 1221       | 1010010001 | 2,4,0,6,
658         | 1222       | 1010010010 | 4,4,0,6,
659         | 1223       | 1010010011 | 7,4,0,6,
660         | 1224       | 1010010100 | 6,4,0,6,
661         | 1225       | 1010010101 | 0,4,0,6,
662         | 1226       | 1010010110 | 5,4,0,6,
663         | 1227       | 1010010111 | 1,4,0,6,
664         | 1230       | 1010011000 | 4,7,0,6,
665         | 1231       | 1010011001 | 0,7,0,6,
666         | 1232       | 1010011010 | 0,7,0,6,
667         | 1233       | 1010011011 | 7,7,0,6,
668         | 1234       | 1010011100 | 6,7,0,6,
669         | 1235       | 1010011101 | 0,7,0,6,
670         | 1236       | 1010011110 | 5,7,0,6,
671         | 1237       | 1010011111 | 1,7,0,6,
672         | 1240       | 1010100000 | 3,3,0,6,
673         | 1241       | 1010100001 | 6,3,0,6,
674         | 1242       | 1010100010 | 4,3,0,6,
675         | 1243       | 1010100011 | 7,3,0,6,
676         | 1244       | 1010100100 | 6,3,0,6,
677         | 1245       | 1010100101 | 0,3,0,6,
678         | 1246       | 1010100110 | 4,3,0,6,
679         | 1247       | 1010100111 | 2,3,0,6,
680         | 1250       | 1010101000 | 2,3,0,6,
681         | 1251       | 1010101001 | 4,3,0,6,
682         | 1252       | 1010101010 | 0,3,0,6,
683         | 1253       | 1010101011 | 7,3,0,6,
684         | 1254       | 1010101100 | 6,3,0,6,
685         | 1255       | 1010101101 | 0,3,0,6,
686         | 1256       | 1010101110 | 4,3,0,6,
687         | 1257       | 1010101111 | 2,3,0,6,
688         | 1260       | 1010110000 | 1,3,0,6,
689         | 1261       | 1010110001 | 2,3,0,6,
690         | 1262       | 1010110010 | 4,3,0,6,
691         | 1263       | 1010110011 | 7,3,0,6,
692         | 1264       | 1010110100 | 6,3,0,6,
693         | 1265       | 1010110101 | 0,3,0,6,
694         | 1266       | 1010110110 | 4,3,0,6,
695         | 1267       | 1010110111 | 3,3,0,6,
696         | 1270       | 1010111000 | 0,5,0,6,
697         | 1271       | 1010111001 | 0,5,0,6,
698         | 1272       | 1010111010 | 0,5,0,6,
699         | 1273       | 1010111011 | 7,5,0,6,
700         | 1274       | 1010111100 | 6,5,0,6,
701         | 1275       | 1010111101 | 0,5,0,6,
702         | 1276       | 1010111110 | 4,5,0,6,
703         | 1277       | 1010111111 | 3,5,0,6,
704         | 1300       | 1011000000 | 7,4,7,6,
705         | 1301       | 1011000001 | 6,4,7,6,
706         | 1302       | 1011000010 | 4,4,7,6,
707         | 1303       | 1011000011 | 7,4,7,6,
708         | 1304       | 1011000100 | 6,4,7,6,
709         | 1305       | 1011000101 | 1,4,7,6,
710         | 1306       | 1011000110 | 7,4,7,6,
711         | 1307       | 1011000111 | 4,4,7,6,
712         | 1310       | 1011001000 | 6,0,7,6,
713         | 1311       | 1011001001 | 4,0,7,6,
714         | 1312       | 1011001010 | 0,0,7,6,
715         | 1313       | 1011001011 | 7,0,7,6,
716         | 1314       | 1011001100 | 6,0,7,6,
717         | 1315       | 1011001101 | 1,0,7,6,
718         | 1316       | 1011001110 | 7,0,7,6,
719         | 1317       | 1011001111 | 4,0,7,6,
720         | 1320       | 1011010000 | 5,0,7,6,
721         | 1321       | 1011010001 | 2,0,7,6,
722         | 1322       | 1011010010 | 4,0,7,6,
723         | 1323       | 1011010011 | 7,0,7,6,
724         | 1324       | 1011010100 | 6,0,7,6,
725         | 1325       | 1011010101 | 1,0,7,6,
726         | 1326       | 1011010110 | 7,0,7,6,
727         | 1327       | 1011010111 | 5,0,7,6,
728         | 1330       | 1011011000 | 4,7,7,6,
729         | 1331       | 1011011001 | 0,7,7,6,
730         | 1332       | 1011011010 | 0,7,7,6,
731         | 1333       | 1011011011 | 7,7,7,6,
732         | 1334       | 1011011100 | 6,7,7,6,
733         | 1335       | 1011011101 | 1,7,7,6,
734         | 1336       | 1011011110 | 7,7,7,6,
735         | 1337       | 1011011111 | 5,7,7,6,
736         | 1340       | 1011100000 | 3,3,7,6,
737         | 1341       | 1011100001 | 6,3,7,6,
738         | 1342       | 1011100010 | 4,3,7,6,
739         | 1343       | 1011100011 | 7,3,7,6,
740         | 1344       | 1011100100 | 6,3,7,6,
741         | 1345       | 1011100101 | 1,3,7,6,
742         | 1346       | 1011100110 | 6,3,7,6,
743         | 1347       | 1011100111 | 6,3,7,6,
744         | 1350       | 1011101000 | 2,3,7,6,
745         | 1351       | 1011101001 | 4,3,7,6,
746         | 1352       | 1011101010 | 0,3,7,6,
747         | 1353       | 1011101011 | 7,3,7,6,
748         | 1354       | 1011101100 | 6,3,7,6,
749         | 1355       | 1011101101 | 1,3,7,6,
750         | 1356       | 1011101110 | 6,3,7,6,
751         | 1357       | 1011101111 | 6,3,7,6,
752         | 1360       | 1011110000 | 1,3,7,6,
753         | 1361       | 1011110001 | 2,3,7,6,
754         | 1362       | 1011110010 | 4,3,7,6,
755         | 1363       | 1011110011 | 7,3,7,6,
756         | 1364       | 1011110100 | 6,3,7,6,
757         | 1365       | 1011110101 | 1,3,7,6,
758         | 1366       | 1011110110 | 6,3,7,6,
759         | 1367       | 1011110111 | 7,3,7,6,
760         | 1370       | 1011111000 | 0,5,7,6,
761         | 1371       | 1011111001 | 0,5,7,6,
762         | 1372       | 1011111010 | 0,5,7,6,
763         | 1373       | 1011111011 | 7,5,7,6,
764         | 1374       | 1011111100 | 6,5,7,6,
765         | 1375       | 1011111101 | 1,5,7,6,
766         | 1376       | 1011111110 | 6,5,7,6,
767         | 1377       | 1011111111 | 7,5,7,6,
768         | 1400       | 1100000000 | 7,3,3,6,
769         | 1401       | 1100000001 | 6,3,3,6,
770         | 1402       | 1100000010 | 4,3,3,6,
771         | 1403       | 1100000011 | 7,3,3,6,
772         | 1404       | 1100000100 | 5,3,3,6,
773         | 1405       | 1100000101 | 6,3,3,6,
774         | 1406       | 1100000110 | 1,3,3,6,
775         | 1407       | 1100000111 | 0,3,3,6,
776         | 1410       | 1100001000 | 6,6,3,6,
777         | 1411       | 1100001001 | 4,6,3,6,
778         | 1412       | 1100001010 | 0,6,3,6,
779         | 1413       | 1100001011 | 7,6,3,6,
780         | 1414       | 1100001100 | 5,6,3,6,
781         | 1415       | 1100001101 | 6,6,3,6,
782         | 1416       | 1100001110 | 1,6,3,6,
783         | 1417       | 1100001111 | 0,6,3,6,
784         | 1420       | 1100010000 | 5,4,3,6,
785         | 1421       | 1100010001 | 2,4,3,6,
786         | 1422       | 1100010010 | 4,4,3,6,
787         | 1423       | 1100010011 | 7,4,3,6,
788         | 1424       | 1100010100 | 5,4,3,6,
789         | 1425       | 1100010101 | 6,4,3,6,
790         | 1426       | 1100010110 | 1,4,3,6,
791         | 1427       | 1100010111 | 1,4,3,6,
792         | 1430       | 1100011000 | 4,7,3,6,
793         | 1431       | 1100011001 | 0,7,3,6,
794         | 1432       | 1100011010 | 0,7,3,6,
795         | 1433       | 1100011011 | 7,7,3,6,
796         | 1434       | 1100011100 | 5,7,3,6,
797         | 1435       | 1100011101 | 6,7,3,6,
798         | 1436       | 1100011110 | 1,7,3,6,
799         | 1437       | 1100011111 | 1,7,3,6,
800         | 1440       | 1100100000 | 3,3,3,6,
801         | 1441       | 1100100001 | 6,3,3,6,
802         | 1442       | 1100100010 | 4,3,3,6,
803         | 1443       | 1100100011 | 7,3,3,6,
804         | 1444       | 1100100100 | 5,3,3,6,
805         | 1445       | 1100100101 | 6,3,3,6,
806         | 1446       | 1100100110 | 0,3,3,6,
807         | 1447       | 1100100111 | 2,3,3,6,
808         | 1450       | 1100101000 | 2,3,3,6,
809         | 1451       | 1100101001 | 4,3,3,6,
810         | 1452       | 1100101010 | 0,3,3,6,
811         | 1453       | 1100101011 | 7,3,3,6,
812         | 1454       | 1100101100 | 5,3,3,6,
813         | 1455       | 1100101101 | 6,3,3,6,
814         | 1456       | 1100101110 | 0,3,3,6,
815         | 1457       | 1100101111 | 2,3,3,6,
816         | 1460       | 1100110000 | 1,2,3,6,
817         | 1461       | 1100110001 | 2,2,3,6,
818         | 1462       | 1100110010 | 4,2,3,6,
819         | 1463       | 1100110011 | 7,2,3,6,
820         | 1464       | 1100110100 | 5,2,3,6,
821         | 1465       | 1100110101 | 6,2,3,6,
822         | 1466       | 1100110110 | 0,2,3,6,
823         | 1467       | 1100110111 | 3,2,3,6,
824         | 1470       | 1100111000 | 0,6,3,6,
825         | 1471       | 1100111001 | 0,6,3,6,
826         | 1472       | 1100111010 | 0,6,3,6,
827         | 1473       | 1100111011 | 7,6,3,6,
828         | 1474       | 1100111100 | 5,6,3,6,
829         | 1475       | 1100111101 | 6,6,3,6,
830         | 1476       | 1100111110 | 0,6,3,6,
831         | 1477       | 1100111111 | 3,6,3,6,
832         | 1500       | 1101000000 | 7,2,2,6,
833         | 1501       | 1101000001 | 6,2,2,6,
834         | 1502       | 1101000010 | 4,2,2,6,
835         | 1503       | 1101000011 | 7,2,2,6,
836         | 1504       | 1101000100 | 5,2,2,6,
837         | 1505       | 1101000101 | 7,2,2,6,
838         | 1506       | 1101000110 | 3,2,2,6,
839         | 1507       | 1101000111 | 4,2,2,6,
840         | 1510       | 1101001000 | 6,4,2,6,
841         | 1511       | 1101001001 | 4,4,2,6,
842         | 1512       | 1101001010 | 0,4,2,6,
843         | 1513       | 1101001011 | 7,4,2,6,
844         | 1514       | 1101001100 | 5,4,2,6,
845         | 1515       | 1101001101 | 7,4,2,6,
846         | 1516       | 1101001110 | 3,4,2,6,
847         | 1517       | 1101001111 | 4,4,2,6,
848         | 1520       | 1101010000 | 5,0,2,6,
849         | 1521       | 1101010001 | 2,0,2,6,
850         | 1522       | 1101010010 | 4,0,2,6,
851         | 1523       | 1101010011 | 7,0,2,6,
852         | 1524       | 1101010100 | 5,0,2,6,
853         | 1525       | 1101010101 | 7,0,2,6,
854         | 1526       | 1101010110 | 3,0,2,6,
855         | 1527       | 1101010111 | 5,0,2,6,
856         | 1530       | 1101011000 | 4,7,2,6,
857         | 1531       | 1101011001 | 0,7,2,6,
858         | 1532       | 1101011010 | 0,7,2,6,
859         | 1533       | 1101011011 | 7,7,2,6,
860         | 1534       | 1101011100 | 5,7,2,6,
861         | 1535       | 1101011101 | 7,7,2,6,
862         | 1536       | 1101011110 | 3,7,2,6,
863         | 1537       | 1101011111 | 5,7,2,6,
864         | 1540       | 1101100000 | 3,3,2,6,
865         | 1541       | 1101100001 | 6,3,2,6,
866         | 1542       | 1101100010 | 4,3,2,6,
867         | 1543       | 1101100011 | 7,3,2,6,
868         | 1544       | 1101100100 | 5,3,2,6,
869         | 1545       | 1101100101 | 7,3,2,6,
870         | 1546       | 1101100110 | 2,3,2,6,
871         | 1547       | 1101100111 | 6,3,2,6,
872         | 1550       | 1101101000 | 2,3,2,6,
873         | 1551       | 1101101001 | 4,3,2,6,
874         | 1552       | 1101101010 | 0,3,2,6,
875         | 1553       | 1101101011 | 7,3,2,6,
876         | 1554       | 1101101100 | 5,3,2,6,
877         | 1555       | 1101101101 | 7,3,2,6,
878         | 1556       | 1101101110 | 2,3,2,6,
879         | 1557       | 1101101111 | 6,3,2,6,
880         | 1560       | 1101110000 | 1,2,2,6,
881         | 1561       | 1101110001 | 2,2,2,6,
882         | 1562       | 1101110010 | 4,2,2,6,
883         | 1563       | 1101110011 | 7,2,2,6,
884         | 1564       | 1101110100 | 5,2,2,6,
885         | 1565       | 1101110101 | 7,2,2,6,
886         | 1566       | 1101110110 | 2,2,2,6,
887         | 1567       | 1101110111 | 7,2,2,6,
888         | 1570       | 1101111000 | 0,6,2,6,
889         | 1571       | 1101111001 | 0,6,2,6,
890         | 1572       | 1101111010 | 0,6,2,6,
891         | 1573       | 1101111011 | 7,6,2,6,
892         | 1574       | 1101111100 | 5,6,2,6,
893         | 1575       | 1101111101 | 7,6,2,6,
894         | 1576       | 1101111110 | 2,6,2,6,
895         | 1577       | 1101111111 | 7,6,2,6,
896         | 1600       | 1110000000 | 7,1,1,6,
897         | 1601       | 1110000001 | 6,1,1,6,
898         | 1602       | 1110000010 | 4,1,1,6,
899         | 1603       | 1110000011 | 7,1,1,6,
900         | 1604       | 1110000100 | 4,1,1,6,
901         | 1605       | 1110000101 | 4,1,1,6,
902         | 1606       | 1110000110 | 5,1,1,6,
903         | 1607       | 1110000111 | 0,1,1,6,
904         | 1610       | 1110001000 | 6,2,1,6,
905         | 1611       | 1110001001 | 4,2,1,6,
906         | 1612       | 1110001010 | 0,2,1,6,
907         | 1613       | 1110001011 | 7,2,1,6,
908         | 1614       | 1110001100 | 4,2,1,6,
909         | 1615       | 1110001101 | 4,2,1,6,
910         | 1616       | 1110001110 | 5,2,1,6,
911         | 1617       | 1110001111 | 0,2,1,6,
912         | 1620       | 1110010000 | 5,4,1,6,
913         | 1621       | 1110010001 | 2,4,1,6,
914         | 1622       | 1110010010 | 4,4,1,6,
915         | 1623       | 1110010011 | 7,4,1,6,
916         | 1624       | 1110010100 | 4,4,1,6,
917         | 1625       | 1110010101 | 4,4,1,6,
918         | 1626       | 1110010110 | 5,4,1,6,
919         | 1627       | 1110010111 | 1,4,1,6,
920         | 1630       | 1110011000 | 4,7,1,6,
921         | 1631       | 1110011001 | 0,7,1,6,
922         | 1632       | 1110011010 | 0,7,1,6,
923         | 1633       | 1110011011 | 7,7,1,6,
924         | 1634       | 1110011100 | 4,7,1,6,
925         | 1635       | 1110011101 | 4,7,1,6,
926         | 1636       | 1110011110 | 5,7,1,6,
927         | 1637       | 1110011111 | 1,7,1,6,
928         | 1640       | 1110100000 | 3,3,1,6,
929         | 1641       | 1110100001 | 6,3,1,6,
930         | 1642       | 1110100010 | 4,3,1,6,
931         | 1643       | 1110100011 | 7,3,1,6,
932         | 1644       | 1110100100 | 4,3,1,6,
933         | 1645       | 1110100101 | 4,3,1,6,
934         | 1646       | 1110100110 | 4,3,1,6,
935         | 1647       | 1110100111 | 2,3,1,6,
936         | 1650       | 1110101000 | 2,3,1,6,
937         | 1651       | 1110101001 | 4,3,1,6,
938         | 1652       | 1110101010 | 0,3,1,6,
939         | 1653       | 1110101011 | 7,3,1,6,
940         | 1654       | 1110101100 | 4,3,1,6,
941         | 1655       | 1110101101 | 4,3,1,6,
942         | 1656       | 1110101110 | 4,3,1,6,
943         | 1657       | 1110101111 | 2,3,1,6,
944         | 1660       | 1110110000 | 1,2,1,6,
945         | 1661       | 1110110001 | 2,2,1,6,
946         | 1662       | 1110110010 | 4,2,1,6,
947         | 1663       | 1110110011 | 7,2,1,6,
948         | 1664       | 1110110100 | 4,2,1,6,
949         | 1665       | 1110110101 | 4,2,1,6,
950         | 1666       | 1110110110 | 4,2,1,6,
951         | 1667       | 1110110111 | 3,2,1,6,
952         | 1670       | 1110111000 | 0,7,1,6,
953         | 1671       | 1110111001 | 0,7,1,6,
954         | 1672       | 1110111010 | 0,7,1,6,
955         | 1673       | 1110111011 | 7,7,1,6,
956         | 1674       | 1110111100 | 4,7,1,6,
957         | 1675       | 1110111101 | 4,7,1,6,
958         | 1676       | 1110111110 | 4,7,1,6,
959         | 1677       | 1110111111 | 3,7,1,6,
960         | 1700       | 1111000000 | 7,0,0,6,
961         | 1701       | 1111000001 | 6,0,0,6,
962         | 1702       | 1111000010 | 4,0,0,6,
963         | 1703       | 1111000011 | 7,0,0,6,
964         | 1704       | 1111000100 | 4,0,0,6,
965         | 1705       | 1111000101 | 5,0,0,6,
966         | 1706       | 1111000110 | 7,0,0,6,
967         | 1707       | 1111000111 | 4,0,0,6,
968         | 1710       | 1111001000 | 6,0,0,6,
969         | 1711       | 1111001001 | 4,0,0,6,
970         | 1712       | 1111001010 | 0,0,0,6,
971         | 1713       | 1111001011 | 7,0,0,6,
972         | 1714       | 1111001100 | 4,0,0,6,
973         | 1715       | 1111001101 | 5,0,0,6,
974         | 1716       | 1111001110 | 7,0,0,6,
975         | 1717       | 1111001111 | 4,0,0,6,
976         | 1720       | 1111010000 | 5,0,0,6,
977         | 1721       | 1111010001 | 2,0,0,6,
978         | 1722       | 1111010010 | 4,0,0,6,
979         | 1723       | 1111010011 | 7,0,0,6,
980         | 1724       | 1111010100 | 4,0,0,6,
981         | 1725       | 1111010101 | 5,0,0,6,
982         | 1726       | 1111010110 | 7,0,0,6,
983         | 1727       | 1111010111 | 5,0,0,6,
984         | 1730       | 1111011000 | 4,7,0,6,
985         | 1731       | 1111011001 | 0,7,0,6,
986         | 1732       | 1111011010 | 0,7,0,6,
987         | 1733       | 1111011011 | 7,7,0,6,
988         | 1734       | 1111011100 | 4,7,0,6,
989         | 1735       | 1111011101 | 5,7,0,6,
990         | 1736       | 1111011110 | 7,7,0,6,
991         | 1737       | 1111011111 | 5,7,0,6,
992         | 1740       | 1111100000 | 3,3,0,6,
993         | 1741       | 1111100001 | 6,3,0,6,
994         | 1742       | 1111100010 | 4,3,0,6,
995         | 1743       | 1111100011 | 7,3,0,6,
996         | 1744       | 1111100100 | 4,3,0,6,
997         | 1745       | 1111100101 | 5,3,0,6,
998         | 1746       | 1111100110 | 6,3,0,6,
999         | 1747       | 1111100111 | 6,3,0,6,
